Dataset: tree_addhealth.csv

features: 'MALE','HISPANIC','WHITE','BLACK','NAMERICAN','ASIAN',
'AGE','ALCEVR1','ALCPROBS1','MAREVER1','COCEVER1','INHEVER1','CIGAVAIL','DEP1',
'ESTEEM1','VIOL1','PASSIST','DEVIANT1','GPA1','EXPEL1','FAMCONCT','PARACTV',
'PARPRES'
target: SCHCONN1

# Coefficient for each feature
'AGE': 0.21734102065276675,
 'ALCEVR1': -0.32499649609663817,
 'ALCPROBS1': 0.0,
 'ASIAN': 0.18869030694622699,
 'BLACK': -0.693647868638681,
 'CIGAVAIL': -0.1098387918895095,
 'COCEVER1': -0.20000921703104776,
 'DEP1': -0.85417844475686722,
 'DEVIANT1': -0.41808246027792684,
 'ESTEEM1': 1.0974098143740463,
 'EXPEL1': -0.073828998548622696,
 'FAMCONCT': 0.51527294787432676,
 'GPA1': 0.66557641766976383,
 'HISPANIC': 0.20300474500011054,
 'INHEVER1': 0.0,
 'MALE': -0.2150869378356535,
 'MAREVER1': -0.15980377488873401,
 'NAMERICAN': -0.10784573616426595,
 'PARACTV': 0.29991192982913301,
 'PARPRES': 0.0,
 'PASSIST': 0.0,
 'VIOL1': -0.63926717022798418,
 'WHITE': 0.0

training data MSE
18.1485726641
test data MSE
17.2925174272

training data R-square
0.333611136927
test data R-square
0.31001113416
